n,Emp_Umbrales,Theo_Umbrales,Emp_Intervalos,Theo_Intervalos,Emp_Lineal2D,Theo_Lineal2D
1,2,2,2,2,2,2
2,3,3,4,4,4,4
3,4,4,7,7,7,8
4,5,5,11,11,11,14
5,6,6,16,16,16,22
6,7,7,22,22,22,32
7,8,8,29,29,29,44
8,9,9,37,37,37,58
9,10,10,46,46,46,74
10,11,11,56,56,56,92
11,12,12,67,67,67,112
12,13,13,79,79,79,134
13,14,14,92,92,92,158
14,15,15,106,106,106,184
